Dir                  aB                  eB                  iB                  aC                  eC                  iC                 gB                  nB                  mB                  gC                  nC                  mC
  1  27.497347276902698 0.33510285163092718                 0.0  334.91421304836558 0.10286886185659144  76.040127857164023  75.954350773478851  271.62603336543924   191.3248485420994  289.44173952742489  308.37755511965929  193.49047263933045 
  1  23.654799043187431 0.27865838309890356                 0.0  226.81518882659412 0.35452285612140588  37.056841189214623  300.60800878901745  285.77009334130702  162.87907032161371   22.91951546101258  232.66856135900326   234.5712599321491 
  1  26.146675307931609 0.37154960781317437                 0.0  761.72138111897448 0.72117994040536948  145.89143019981347  298.75758953472405  27.285063612805914  250.85868569494167  102.19593434675113  79.845004323356534  58.119569252686404 
  1  26.410526067281832 0.011896256268966732                 0.0  469.97315617026061 0.58400131079322126  60.010444258492569  101.20833793221874  58.414356755020314  181.75408323239756  276.73470908708958  62.335089526766254  210.12465905809395 
  1  23.983421783690495  0.2684023697138645                 0.0  345.19864525543085 0.38755091505599143  56.065289809166991  322.92323999216012   62.70636590321817   133.7815052220877  218.65587280766678   209.2292508409997  191.61745711827675 
  1  25.751530038220881 0.39025506000674026                 0.0  94.535066242038496 0.31815678140483428  13.070040697335994  312.74190398415988  36.577092716439424  123.68355744487015  24.323404477022066  177.50771780950294   214.0446759539015 
  1   25.45846474056583 0.058736977848836885                 0.0  492.65006788430401 0.66207998711095406  147.44144862148713  171.41185618618016  245.54534879870494  214.92350539178375  175.26475442906624  273.08668412131482  176.66276469304071 
  1  24.184175891095364 0.26470334709991322                 0.0  39.570117349162665 0.054837659527447041  61.787233489515707  74.661689201865016  319.33873253283616  249.26568736623798  6.0894827251078887  254.33798075001542  22.630095087537818 
  1  25.845019537464964  0.3823677625167724                 0.0  378.85341268693429 0.19823756720294519  84.447981376145421  48.971271601083018  190.49794259731084  46.777236500374975  134.62736564770867  38.472279910936706  80.851538619638788 
  1  23.877429037300068 0.25640388797950919                 0.0  353.34900999875572 0.24428627588508514  17.823350078348167  52.649485155938251  142.40779562037051  281.13378497859566  243.45333486412287  291.28183743050573  260.89845576395089 
  1  23.437760024009236 0.31460103600749106                 0.0  160.28754096216053 0.11681810051509622  12.334898737781025  61.746048856536412  6.2052152222189294  234.12032339261395  236.44194621275267  84.133830602702076  248.88891675899058 
  1  25.610690043735278 0.34484850529526845                 0.0  151.27061424740464  0.5101827192609516  144.36334790259903  52.389772609766048  275.67125565646472  150.29908099366375  65.137096598446064  126.81646853839102  286.31880236045089 
  1  25.249951515553956 0.14423949156435842                 0.0  458.91759450654166 0.41327826922647237  79.800989544890712  72.498032083189031  252.32283819947273   297.3527625628866  213.03898497184827  229.18193538044292  165.54560877809544 
  1  27.883076995317772 0.47073804769047423                 0.0  441.62652426285615 0.69381582279094778  125.52511233585268   298.6890325527217  279.01908300028435  181.97736052143338   168.1549827751231  166.68471789926596  5.5164170917051791 
  1   27.95439622791924 0.39864148357100787                 0.0  409.51675617376929 0.35041915780797589  24.082913975690843  301.63157820509178  170.68544422024041  102.62874668750239  270.54895802946197  144.64920825717036   329.9333291457238 
  1  26.619252115260501 0.27281883987892014                 0.0  178.09635725076558 0.58808181383140157  150.88711869926883   265.2801166778741  218.87659160459395  204.55864327287517  26.527598470724179  244.34035099367253  116.69612484268022 
  1  26.636257874563555 0.27978304247490832                 0.0  332.56870323531348 0.11417801962946131  36.366780306456022  271.28049903959806  91.648449879885234  332.71383843811128  359.04475875627122  133.63759347366363  18.672328364310722 
  1  25.957105099086498 0.39523255140553976                 0.0  253.63348429793137 0.60247621876928503  179.57090765884467    184.107622761621   256.6516979222838  266.26965269731778  157.64781888246381  234.73691346784827  17.637018749336399 
  1  25.499148940155035 0.12024206390079874                 0.0  561.68468188054544 0.69528793139692568  54.493003227188197  137.25569532929808  3.0397720374828285  274.88580846557284  270.47112627945512  40.901434051310297  225.53862491821781 
  1  23.760034552591065 0.11290336803323443                 0.0  276.82245387835746 0.11325709197568615  97.353996579875997  4.7688816270540624  49.121296978666798  141.19385253278017  55.267071818825322  163.89698680346052  184.40427506027612 
  1   26.56691980261467 0.24180355632861306                 0.0  612.72870206470657 0.57457501141452272  86.563428635419797  51.680400232533231  31.869077634888384  177.95623974353367  249.32312903093714  239.58208176330336  186.77369289120759 
  1  25.329468851348434 0.23571459556779575                 0.0  211.50537261659946 0.11875160079811606  128.03240524301845  224.77585827854301  102.39843925837988  27.180581204833505  222.05461309638395  19.107329903496595  42.235751976561374 
  1  26.160292040952296 0.38542280872777546                 0.0  205.44599595815606 0.26624358655296937  147.76914612885636  202.67409388150614  280.18240988764461  320.59876094121381  132.86955960128898  338.44374340064508  75.398128753761995 
  1  27.502262726596108 0.12693462787436227                 0.0  478.37858353199499 0.44631172722586532  129.19080057968779  147.05808313324795  147.35001419128531  247.68936427385236  293.30411415293855  8.6551780168483283  186.92927439809731 
  1  26.349804993156337 0.19622826720398756                 0.0  378.22502255834183 0.60224604893276235  170.55023658406657  216.84761988422051  322.04347192258791  268.98228825102228  110.33991166314696  140.17546266573953  31.567296304014011 
  1  26.399241699553347 0.058391865121950715                 0.0   607.6022764307902 0.65595710268946106  103.41497447931509  182.00343893028517  134.27375784559786   154.7747622520445  181.16536328986507  259.12132500742047  44.426547680749351 
  1  23.639286044052945 0.10047878752030401                 0.0  69.050587061351749 0.21187647415084171  56.239505327304308  219.93513414742355  352.01268884855961  353.53209054584971  233.56377614245289  359.79903232566511  105.18564750042812 
  2  24.794436758902421 0.49148643791125002                 0.0  197.15326564558194 0.29091537717231908  119.20724366078763  349.32119857982343  293.94782615423361  352.48615109552077  241.69125316333648  337.57723921944574  147.06047245095567 
  2  25.616485204886246 0.17158663043369649                 0.0  130.47768113213164 0.01805910837759192  11.355520116802495  319.45524229054155  86.274488654536412  177.13226605147352  44.103603271980809  271.01623113621656   46.03880088267902 
  2  25.636974250266011 0.26369371004034886                 0.0  144.92261432059246 0.59373589474657185  41.713641425686355  105.31541896476266  305.04907272874311  71.548182003955205  8.2078031813077104  248.91391133867003  37.064792445420409 
  2  23.635539997051772 0.47279295954585659                 0.0  518.00809521921985 0.54707535760890058  13.636128927262629    210.052984614992  11.460920562961157  217.50440896101026  134.43101871128138  123.74911697742078  328.04622856706118 
  2  24.230127533121518 0.36440025401657228                 0.0  332.87720812678344 0.29506958510380077 0.0073553451667174308  199.24401905531175  208.86097085169587  311.72556968766099   82.07466119954131  51.456055523748688  294.25016494706387 
  2  23.467178467612058  0.3376765853994651                 0.0  56.788114430648321 0.10074381491358253  147.34155915211693  135.14742376836531  191.05521702238224  63.571107802028543  94.071616858633746  149.78710222998035  160.23853176807577 
  2  26.329526360408529 0.052383016331407371                 0.0  266.27702696323547 0.24932572711652859  94.776015087091096  161.65234709926744  48.196923404929152  33.795115051406896  245.90307536865691  279.19553362581468  280.15793611613304 
  2  24.812634482242526 0.25872052904915921                 0.0  242.20948668852247  0.2047563777892499  129.69792713153552  191.02641282729041  196.05309465266762  81.484759733395407  184.06223248610496  51.555579455885734  177.97158781566893 
  2  24.271448890232268 0.23353707331923587                 0.0  111.50639660208709 0.46102609070922662  82.740878112488417  204.31036186299707  304.65636648976277  101.52206335875843  228.23284829844724  142.29413742912664  3.0681821855571156 
  2  27.006260635796636 0.054707610750705973                 0.0  555.68684637332456 0.59387236254431841  127.22887283689602  53.437613407001948  169.73665451790023   186.0474744299805   12.89073884966632  97.082695481466416   196.2688598140833 
  2  27.261419477532193 0.096628756391220427                 0.0  182.15927012006287 0.43935109642820031  143.70572229486874  160.10244836855446  199.92013519944965  67.801931359483589  270.13721295753652  64.069387607182023   5.210128311125124 
  2   23.83421061139591 0.17957527899563089                 0.0  173.70461174032485 0.29308675416341862  96.487221566084926  218.10730795504224  131.82774044528725  134.46398915595509  44.500510686196336  78.685323024787294  81.201684096593965 
  2   26.98338203448154 0.26047961373277523                 0.0  238.63362700234453 0.66510582395144691  72.115937888799081  178.66231828021469  147.55247798252628  2.6120514771140968   73.02339411959305  340.27604734088516  17.710174022308038 
  2  26.739852271122366 0.23816952374790878                 0.0  452.11052449853401 0.42982379477062399  145.78447320424695  343.82285227007446  347.71838225789821  300.28725588247738  97.509991409974901  347.95521631966534  245.88714375477642 
  2  26.381339372261291 0.32512969871028741                 0.0  840.27309532657853 0.62067181772558011  112.99164064845604  49.855068818622591  268.74825296738123  124.28259038288071  267.39890053479354  102.47699906688457  183.09415625001429 
  2  24.672079808510464 0.38262433922624511                 0.0  168.26691712112074 0.62113183284243445  9.9522272635510483  344.89806062025571  341.99351823003536  40.358124033434486  340.24813815033286   199.5276949659536  301.04865918660352 
  2  26.512378231087389 0.32893765872638975                 0.0   821.1796648056478 0.74211767668507367  94.622682054053826  262.79337324855908  273.45896970787521  230.19715146364283  215.94146456100862  270.90568803474429  189.64124065750383 
  2   26.25635728592945 0.15457949814925315                 0.0  602.37624503342249 0.67189425090911603  32.323036350413005  306.31647330078528  39.158895098820523  108.41138648581354   81.54039796094149  334.77681215803557  192.36356591245084 
  2  24.862459738215836 0.13851313381067443                 0.0  262.15428303079614 0.27792236648886448  69.244658249951243   225.3607040438859  134.87955239497853  83.646225784483164  90.237874055782981  323.51780480381524     355.88230661742 
  3  24.337366838128876 0.014934627578638794                 0.0  338.73041606555256 0.33006652410259202  18.753757288602579  287.38024791893105  108.08615595529274  28.502203360066538   105.7484454113266  71.614586758775147  44.732384828251668 
  3  28.014200569674411 0.41540600419566615                 0.0  588.95384630441504 0.42953089719111859  87.196946003975171  189.05369754132869  88.192034549787294  120.14453550860321  339.07123874896388  147.77066528294358  161.60557871790184 
  3  27.092384727079427 0.065073983426145482                 0.0  287.30810594811612 0.64134333836052282  37.583439824128888  358.75488146739752  308.89520395757398  268.75360027872085  146.08351925006735  113.14091301671763  347.03954977660811 
  3  27.171644781910331 0.37729648372447383                 0.0  157.85357139983452 0.0046709058564372297  60.516619194869307  285.90496270264345  225.51951745958499  146.04646582456149  237.25742876909919  172.36913634933339  79.913504908409863 
  3  25.016547817360841 0.11972193990586501                 0.0  189.55855306206371 0.013888068647225443  74.037634838829661  34.794577383355488  246.19252735542256  62.821858340621183  332.92876657463802  10.191169080706812  148.87914260374657 
  3  26.621616394933774 0.48671986723932892                 0.0   641.3434180816347 0.48165928262815572  122.19398216317531  334.14406083595992  58.453915125145386   132.5883170196476  61.706766826157065  70.876835765528639  241.58899889304939 
  3  24.681550854044371 0.26861846387662303                 0.0  493.78963375267728 0.38271112573843286   75.49260735298067  276.27718244650919  123.68522864357912  73.339349233073577  77.637816754729471  173.59822824297282  216.83188841519225 
  3  25.516958416308917 0.26686859828604059                 0.0  366.54236904104607 0.28410203813548041  12.863696102453254  151.84404355531208   156.6670065266695  100.61561484227042  238.13315522297171  80.544924310887154  210.66085365163784 
  3  26.804285683424627 0.029795612582153776                 0.0  398.60041159544011  0.3775495888575755  38.915644287896356  244.54854664789974  152.80875367493118  178.06180276911292   120.4518527541298  307.03651985301053  53.150223780739452 
  3  27.919735648003691 0.37558642721367363                 0.0  372.33850099144354 0.36878753925423136  62.258835771299715  150.90561050168645  230.01198877294109  49.218527841248289  278.48705030662717  76.628426162789111  27.494728339847775 
  3  26.779689864534255  0.2742795147981365                 0.0  460.48776841805841 0.39299925454563811  123.33050542681347  224.98001586345993  319.31618834638533  223.97816016899679  116.28450914051471  159.67322436833473  247.62197247083557 
  3  24.823549586481942 0.034495321451186778                 0.0  208.28125684090372 0.33986641141420382  89.681331896303888   76.04014128752695  53.141915709577979  256.01902116158834  63.796668081953797   152.7117307766504  255.58233156733294 
  3  27.567504452299723  0.3802651259051778                 0.0  1061.7603443546734 0.70628670282144168  76.421994594195212  312.56367826669668  355.41801887441216  299.75242220637904  100.69066568293619  319.31389373413907  169.64270334164209 
  3  24.764933095287443 0.34015307331536671                 0.0  57.816537061149617 0.32689858176939957  11.942416776467894  208.70970237704876  326.84307576472889  231.08885301433597  317.31421169454018  215.48294199814808   197.4901943052175 
  3  24.206465308522617 0.42188198741623356                 0.0  348.38584210377746 0.081762547784600764   43.85698664482252  91.420197818546697  309.49683320722988  248.67150253903733  138.07712638785407  322.36379627249084  293.51656175024954 
  3  25.586010380201529 0.44159339936246683                 0.0  102.77186368881945 0.15780352686263246  121.86373281205924  9.5493834057193805  201.77860437168465  227.24982505883412  120.12252820810215  257.83754945195824  172.10014082577658 
  3  25.426265488398656 0.12054181576449378                 0.0  109.67929795719374 0.70873465540033398  41.404128956773803  11.145666216550079  5.6958995138668111  281.19017137179299   330.3395039151651  322.12421791077878  118.39808681672771 
  3   25.48420778523214 0.11063040667634566                 0.0  332.67326569494713 0.56756209843551597  87.370353780411179  21.888704081184223  82.915961775065298  91.297356181996122  173.41518190492647  78.662328891386181  351.38417210833995 
  3  26.019810255671786  0.3839216945399167                 0.0  248.58460542052086 0.27896364668393203  30.287446299685964  180.67846473806662  114.92625086990272  285.60953782287982  135.18345255122003   111.6760735333648  29.434288474624772 
  3  27.207924970910518  0.2697575726910737                 0.0  253.06883160165845 0.074508040717283286  86.302648928625374  199.54611805086651  142.69669688288081  85.534733023654809  252.62093512279026  36.704085385326977  156.93704817137507 
  3  27.808405364490113 0.19329426167502495                 0.0  264.10745752283032 0.33638751130582012  86.880946046251026  290.47140594637796  73.731968797596153  54.510070131138967  92.384761587638422  12.956177775279642  298.32234149475204 
  4  26.922877216031338 0.36022338332372617                 0.0  313.74047712267594 0.029803018791028285  114.64072074321638  312.89592465685593  345.80988716623892  105.85189974877797  57.988654024055826  298.97184697610714  159.71038082958387 
  4  25.147656959569275 0.25738978074320795                 0.0  297.78059012187134 0.018354879618620812  28.291444116102742  313.41540415726229   2.103362520067753   194.5768939769888  275.84364571211586  123.96682082185202  90.260929946922332 
  4  27.000034708741868 0.33135778875594896                 0.0   298.2409160930294 0.30427693918046567  53.945695395687657  35.221137476483761  326.11496535456473   66.26116325697194  177.29662392171565  96.398120077989347  10.099744274517711 
  4  27.938942305723845  0.2561995232899687                 0.0  195.13646905629071 0.21215086587977067  147.91300320866836  52.440678444770782  49.623112091421774  19.903350620775907  310.98523496662324  133.13656583426402  120.84439968111435 
  4  25.635563281890484 0.16103934964284092                 0.0  200.49205049012966 0.11517184503645264  21.602338030586715  345.57415156920081  223.90524595182816  344.69860610748805  275.24870185661302  354.52895387986325  303.92768225291263 
  4  25.175752045242927 0.42360357483073691                 0.0  280.09123885226717 0.27803363043279605  86.584294063023776  32.732791272159318  202.98885516577835  90.943566612600179  304.00594666457954  48.530146506552875  272.73805844113286 
  4  24.939855553850137 0.049574524137771164                 0.0  177.64761687864296 0.15659811673582372  144.23464289769021  126.08948523484912  143.72887045660511  220.35310781531425  63.817333526145553  140.77527459061452   313.3052523554033 
  4  28.083099703529463 0.48038851418887174                 0.0  89.693597321085932 0.33736613460446263  131.93350739183049  354.65733479320699  197.19802930991406  82.187749613301889  335.63287840670648  75.849869146442956  2.5179019894632626 
  4   24.29567184069214 0.20391847882347106                 0.0  676.14567891334957 0.58227962992094262  35.570260227347944  188.22951658282491  280.51807032319158  25.032635265803961  264.45303543096833  144.11134370145072  97.888096216075425 
  4  25.473183084140587 0.48436799773757255                 0.0  240.07472603405222 0.43517688089520229   77.28299524978965  276.87925755931116  3.1923042552915293  297.43911648800616  281.13014159177453  257.10040917943422  294.06846474124512 
  4  27.095861554667952 0.25756553642872337                 0.0  326.05914902393141 0.019819363951463026  103.98527942795583  129.09396034733376  351.35037425912719   268.1540658426199  317.41129193377731  283.17854483805553  205.47708352701454 
  4  24.893076159092836 0.45825528521086051                 0.0  287.12331608675197 0.58874202294179412  5.0246588888164867   303.9227218619385  17.250032251816677  306.84747003015468   82.59069801665369  83.988222994558598   169.6075470019745 
  4  27.052962749642923 0.27210644247505744                 0.0  64.645200770203644 0.25106981810149004  14.007692729519224  50.155501955166152  279.19604213229627  194.05682785161713  236.73704194436385  281.07590330969452  333.47636572201066 
  4  25.490694001039284 0.057464776967969818                 0.0  113.08134255252835 0.080858883359869127  136.10113990747669  216.36725756725275  278.63162155348084  307.65087962121532  316.74718075003295  323.40600640557329  13.152422786173062 
  4  24.377520710465117 0.02669566462297299                 0.0  189.90510769051949  0.1743925202450641   49.25224912895051  290.83558032199676  195.22628015511509  219.41720505404896  340.95299997012148  207.42421149609453  108.30362741869192 
  4  25.671388895498097 0.23122095250917632                 0.0  165.89631668800897 0.22188118623390285  40.362112190688613  89.535801176651006  301.45582540835716  98.097198329079049   81.32423323145494  265.68904499363117  82.625570220009649 
  4  26.342578859947981 0.38767762698576924                 0.0  563.42000993979627 0.38644105517767469  161.79810687880104  270.18972504772051  38.896632845442667  125.15361585293597   261.7258309583035  302.75014760391588   249.6092200230236 
  4  27.447180154648851 0.17829509080986433                 0.0  345.88908287602555 0.53238322800905458  6.7231305086448696  55.365507315877423  269.45970012661655  17.474119211952797  56.968180839744889  93.383829418628082  124.65876641689881 
  4  24.693833217829987 0.32750326361439241                 0.0  128.49671992292224 0.10697328892119881  98.885815360481487  229.83412293288239   319.1210469678893  248.84079153272899  226.26605920677599  102.10242068957001  117.49626892772908 
  4  25.281451611178582 0.21515907789814215                 0.0  388.59659762522369 0.38733559428869169  6.3076511384891187   11.38288662990616  134.10248122767734  243.68991988631291  192.78285039156725  276.40904502869756  74.470368975087823 
  4  27.966853426095891 0.49780435065182715                 0.0  408.11651749691333  0.1130847576568513  89.833285561192184  269.61200794416936   119.8899342151833  355.14354215073712 0.97062416328653534  332.56211224841718  24.116483824480994 
  4  24.364906796218129 0.49359319670001223                 0.0  538.36275082455177 0.67179681163056415  169.73698837837125  184.35025610149418  196.16347968822379  112.60202898856382  11.890301542937056  28.441976121954458  51.041371256307421 
  5  23.912590919286632 0.41978703510903537                 0.0  292.23794143179947 0.20417070172777069  179.12513631881478   171.3363890000029  166.40527409327913  121.01062673070965  113.03409534892178  113.69252746163218  138.99568940357489 
  5  23.584275991540977 0.13793944278645731                 0.0  291.42827609446545 0.45514047400478275  140.98061605350554  135.23282706424757   232.8397465796991  84.159977257557145  283.27214787975828  275.35737457468588  158.23592725347231 
  5  24.787611192405514 0.065927193207414844                 0.0    55.5205630554047 0.35789761456974845  85.587785327240866  55.211159249071876  293.01361651014679  215.71718520735467  118.44741760269093  262.04489537601324  96.321600132786187 
  5  23.635438609089867 0.36549627649861621                 0.0  765.57767103875153 0.60976896484181309  22.698595777296195   165.6998015441996   197.5928462062472  210.67606293441841  196.52453961232905  160.19129341517967  191.98149387198418 
  5  26.258626579144405 0.11300446578859488                 0.0   151.0967394709042 0.25793377898250519  72.581012640785517  10.685721677433389  92.558108414895116  172.44560459735749  58.604018138839024  344.57941789048294  314.94392203362156 
  5  27.247677504134288 0.23290505919432533                 0.0  297.86998715246506 0.17947032410014765  76.478989655652924  142.67162284328393  173.41213001065225  20.361137812511938  33.425109673925249   4.206233982298313  316.03690604772106 
  5   25.28977563676753 0.11220388974128856                 0.0  90.452552078832582 0.54675215251517661   50.70095502312855  197.22157928898721  66.860838276648337  156.90063103385251  302.02579205153489  286.45991300451641  43.422148209090892 
  5  27.348672159845357 0.0030053067621490736                 0.0  210.37122705231158 0.10976747454221489  158.81866835816837    236.900950394571  195.57572338838776  145.72846715351281  40.392082392648732  94.366145855616011 0.41432986774982972 
  5  25.730991373011726 0.19977649377683515                 0.0  309.27724030666445 0.013523358695501447  5.4237333456348935   282.1959760410794   342.9492094128185  314.49076158458877  354.67012135165339  114.42204243843381  97.551035207811537 
  5  25.210770063182501 0.04156917421133699                 0.0  186.66863862465581 0.12512093972453395  30.039425788705824  168.22613015267137   317.4211926534328  165.15648055896617  8.5853949354731718  180.19301627792458  131.35024304427202 
  5   25.60523019381014 0.16246339355583145                 0.0  70.928281949619091 0.27966085397322354  138.63840205741616  154.20142129084599  94.019886017654358  271.70911842507013  198.64206668555542  20.114844771822213  161.86782952777847 
  5  27.786559510504162 0.14509403007518568                 0.0   268.4154721320603 0.40980957760083891  111.51811567287906  208.87678218520944  133.89144780995497   130.0718177110968  341.85414834813986  341.02510583699194   48.26785732602827 
  5  26.594186914303847 0.12994771414947157                 0.0  79.803393470393161 0.24243438938181899  160.49494157117289  353.76273395898579  68.031453819563367  50.871983148424526 0.69715564894430315  127.00313163204547  103.34534761598057 
  5  25.339708903107788 0.28445981693436534                 0.0  194.39451013488346 0.25980686134828324  19.889532807191848  231.18475845379857  171.45824143821969  161.68442785755369  320.39189726370631  50.991016545301648  121.79618927667316 
  5  23.459653667029613 0.22894124218778436                 0.0   103.9766554095561 0.018703317268710495  92.200638270523157   229.7525933951969  50.124378617296749  227.77179365752514  82.243325228305025  26.999284350311793  131.29564077023707 
  5  26.675293874278452 0.47288582542062374                 0.0  124.63257862410846 0.50862979829373711  63.227869552753766  316.82950395982016  50.032742211619919  109.32285981856167  132.69018703457229  74.550031469022485  296.05937055942792 
  5    27.0988176533575 0.064375042885783426                 0.0  446.75488364310706 0.67820493411843197  178.42444079057029  210.13575755673509  279.42361680273666  107.66225978294304  286.83662207723921  337.40534180483343  332.13248717430048 
  5  27.327852286759391  0.4407695396226855                 0.0   404.3336320025042    0.58668146081298  116.04929667488695  225.16528083865222  327.74111612199511  44.554594863262324  204.69794032081049  223.05355527454873  272.43813764119034 
  5  26.961052054107224 0.51141946017198914                 0.0   500.2196894220786 0.52968969787315023   29.94297462343259  170.38420842514367  137.57929029026963   229.0420089675452  121.30689367791109  139.48684734355746  34.720831159346744 
  5  27.661484102789068 0.12949143125624787                 0.0   254.9341085851662 0.02355473010289727  3.4057901890080111  122.09595085555812  16.166503705309296  30.270744206777827  340.54099351289267  104.81538446710765  235.66865250165279 
  5  25.893449523376265 0.0066712131381948979                 0.0  195.77892608804672 0.32377859554518462  107.86610643642818  7.5926946318593691   26.21349780934429  83.607554394520136  187.31173284186161   141.7885718070352   350.3483385820922 
  5  24.134103884333044 0.20336433886728969                 0.0  556.30684211653011 0.57295662411798598    5.65292564759641  54.937340809079068  115.97755426400309  137.23656119242807  102.81657222204278  86.915226220307019  359.59466901318609 
  5  26.791818703780109  0.4910367349280374                 0.0  120.48898911687451   0.134760827946481  105.63319435589483  236.71031339566011  271.77015763447531  273.30808654703696  318.43785596104749   228.5378016406668  285.54763738851506 
  5  27.329564757600515 0.35947677510034459                 0.0  420.35599495162546   0.500134148736886  21.359148221633006  242.33248901301076  37.908867269997401  262.27217425827644  242.78269122741466  74.750417297443576   202.6821510445657 
  5  25.644875325306643 0.080860961304262985                 0.0  176.84501438566187 0.14570580094509863  14.667669890186906  290.86676458315651  163.85404125528333  6.0579774284455334  343.62922377707798   134.4395677831991  306.63123726161575 
  5  24.155695168060035  0.3534504442471294                 0.0  360.51819445218285 0.35896383442537805  23.803638400358121  357.72804790670591  255.59780265944335  276.16802925496438  113.43583465270687  25.966601550337828  285.85157086387494 
  5  24.308873081174841 0.03293733486380622                 0.0  333.04886332929414 0.48966909916948553  19.054424196235544  289.83655179174139  274.52983238042441  298.37328881957603   307.2798848689726  37.115231202367831  78.213072449897638 
  5  26.402897779064578 0.22367737656203721                 0.0  634.69354786575173 0.53625159339669803  130.19758506245952  255.03818778767189  188.87941271447374  10.604105022669966  162.48015935105417  319.67791119022309  192.69165208184117 
  5  26.145545282038899  0.0149182893348247                 0.0  292.97953805814132 0.38471189966255481  112.90383958538648  106.26418367718897  179.17352838301673  99.174766360961286  235.31677477278799  84.820743376585526  330.77499886334908 
  5  28.041563944069487  0.4440856266203479                 0.0  464.58438524006891 0.52336689952709137  151.83512667203442   179.3897221286787  144.08577877908635    230.326333530559  226.04183840930997  108.88617675164046  283.30529098429417 
  6   26.52510956531567 0.33678250816008226                 0.0  225.42000725160108 0.38435761077495773   101.3357732224989  18.302799250877477  95.789113835508857  202.10317726171786  67.565865220914858  253.04026673934493  292.51318545398226 
  6  25.713950469422567 0.36519993988823524                 0.0  122.35218824872726 0.033051432746082549  94.568958992987632  11.758927966156447  327.02578431129098  47.142729032513721  202.58013641555564  121.66048188907878  193.04335850040212 
  6  25.900594764574919 0.098355292732471386                 0.0   158.8704261164502 0.08135982736290806  31.775663468206965  158.07004020214575   335.1229994253606  33.827539683011587  277.74807109171337  73.563783539015063  267.93852464922583 
  6  26.406259962898098 0.26557270940507305                 0.0  334.48481558484997 0.73664511663880894  102.83116867023784  67.443790696747939  94.523790439438713  101.90704063905071  29.408240949535415  257.52816889181747  157.05682381003029 
  6  24.900058922319438 0.17475771829223605                 0.0  263.47072072252934 0.29309946616858007   132.9525096203142  340.54419709040337  298.69816434299491  182.27408160953425  151.96717245428857   21.96850923574916  3.3024239472259342 
  6    28.0195566296549 0.31301063467086615                 0.0  515.91257039834375 0.30552363769515178  123.65832789555165  342.48193312695702  80.649086576415812  1.5964360514441767  130.13451913958718  300.81273402919697  166.89561403793741 
  6  23.799107605681495 0.10929029295675961                 0.0  321.54950885877918 0.28230139619810884  68.926799905042415  354.02226481077156  352.61976844703474  11.952789411315079   341.4787282573833  320.37624745690584  203.85042290976287 
  6   27.95465692160835 0.28010266570514458                 0.0  393.58662493163985 0.54466799704688129  20.505847684351732  315.98419786041956  183.26910817865206  220.09580455338252  253.19248876330803  114.58805666129126  51.672558080696042 
  6  27.293845104044536 0.085661702931028164                 0.0  290.73231277669493 0.050208451028295381  55.491472348712648  353.06988821866071  320.58005899376025  102.48590890250971   349.5622880473627  338.85792589349046  170.52393447560632 
  6  26.940185243585397  0.4952051084313836                 0.0  567.48602794981366 0.68589606453229979  100.70477925868823   100.6412456638996  37.151684681748755  293.71090421098893  146.32790204331886  226.45708385903794  49.850556351839437 
  6  24.226589468124153   0.163379836773729                 0.0  814.74282498866398 0.69434803611906115  98.239331690897984  41.840111931654825  135.56558142438143  267.04844423985111  291.61007897380529  144.05477713263687  167.62645674154453 
  6  26.519346088201338 0.30333299148904286                 0.0  948.25646702913014 0.72487071263616842  115.81621603380482  306.72750318743977  263.56823642184156  14.477693728175304  282.36323012819338  315.29546273421437  56.707915779564338 
  6  23.582091101185192 0.35200621291059891                 0.0  491.33441861635686 0.51149602442526465  44.960329489910656     267.43175513193  278.18939268243787  298.23100819188852  254.75086167758434  26.020673593658252  149.06317021060161 
  6  25.946839712006799 0.077113265746631049                 0.0  231.11653090713054 0.51847883495692515  20.927168309337034  213.60044257842725  153.49469411599782  253.85259403830943   169.7367538574199  280.20657202019504  268.26237615963311 
  6  24.441535528624033 0.39001305046588208                 0.0  422.64389212462169 0.26600225614014672  78.115068764745288  224.62988856746972  147.40210513189226  205.60533500242505  351.95012484407437  287.51523912860358  144.21633892166307 
  6  25.924289486324223 0.32073794779034026                 0.0  101.10371344409202 0.11410800892937453  6.2364360871416231  257.28123846035464  181.40194124687019  255.82143769289357  149.46999826419199  131.86309776402408  102.23388162306412 
  6  26.776384775540485 0.14555398990625495                 0.0  168.42221518267428 0.097127736265946618   122.3053409680268  315.55606517386434   170.6213104249731  287.71255422279825  219.33214461107667  47.977175360007351  74.011497063549655 
  6  24.142451540335145 0.34810031791272711                 0.0  198.49285037721893 0.24268877765708438  15.148892096380344  117.41096029878976   145.9220656931158  143.81656857989674  48.676518725502532  158.12633132878091  149.21435300667304 
  6  27.087694523929255 0.49761422365805508                 0.0  98.463083485949952 0.31318794285575924  118.45436920797806  260.18813920498042  204.51297269054666  186.73583153477287  73.997343901383374  126.80561093409291  176.20839416952711 
  6  26.240840654871725 0.24263098923281559                 0.0  33.910522509654349 0.012470583759338461  3.7162781357604069  169.07682500232508    61.2698307570503  196.44280110334381  75.098236532010034  89.735438957483268  295.56344508557066 
  6  23.620679883574557 0.42747107109269405                 0.0  206.04021497315603 0.058598141739621301  108.52247419480462  31.744366997969223  302.28748717960809  134.21344118816711  14.676660295443185  139.69469940023583  147.33001826649564 
  6  27.469137497083576 0.11090157897947811                 0.0  383.93133548140332 0.48252391127743038  11.957074601019697  80.247631921766654  3.4751700880120584  1.2074499338086442   335.5539174386804  2.7846718925942948  243.03975124223857 
  6  25.520610827028758 0.28929219024075065                 0.0  317.75446957948594 0.022269477423819267  12.295592369944288  211.99480495118314  33.487087258497745  243.18705975298317  100.55873181795103  135.56278484571703  288.17609729128662 
  6   26.32023036551448 0.15469966401113616                 0.0  571.86441696935265  0.7472979705040893  66.811837219822792  274.73745946416096  179.42597577275754   349.4870045323824  246.30687951399753  272.07346919807725  243.64714574415677 
  6  26.642613114583447   0.303626988461904                 0.0  56.893655323015679 0.10316129927978812  15.643132932852009  119.04972083467169  13.810367937380509  18.750078353092828  302.75315131711568   83.40168079442833  48.755029684930491 
  6   26.76593098330671 0.47827336586323627                 0.0  384.59751355835527 0.18692762999653811  12.152276820421498  355.48024121724779  218.23333306146455   15.53300359306113  103.50777699936624  314.06659764595219  338.21406110048207 
  6  26.368515842095508 0.20202429917486467                 0.0  798.34301085646973 0.66358718893824453   35.13145115554056  307.08180974831231  222.95202735915277  283.55935242316576  247.35111462896919  7.1451736440773228  300.00106258102687 
  6  24.253766081063603  0.4412348851242881                 0.0  264.75126219589134 0.15157121948783639  63.000722646280728  83.092065142552741  1.8119430577712681  236.19608578380064  255.14518583142276  331.91611674864498  301.29221950360284 
  6  25.326103898925172 0.043602963890134662                 0.0  299.15508168455881 0.63416575077494364  142.51347044528683  319.28573378145404  332.41350284878513  290.61465017913702  233.31096722957199  199.45548573824851  276.72035715855338 
  6  23.447049837035372 0.17913983552199347                 0.0  304.55179654337786  0.4756980544131586   63.71736680103988  256.29258440137824  205.94934039984233  36.818859542400531  60.672302938544362  63.412992842909084  96.878029464345019 
  6  24.359442934013629 0.27762201949368404                 0.0  858.27771283189611 0.64267123688081162  53.927129042157048  75.867077776033511  353.84561143175932   105.2117629848665  144.98325396663321   201.0666944834939  75.518567272699386 
  6  27.224759927202133 0.18598691263891043                 0.0  411.85015131062841 0.48375533988643404  177.99372048060516  290.85933583605481 0.46040226599980638  240.98546704987217   295.9284409103164  59.745866399906454  260.54893129907043 
  6  26.223606643206704 0.11801525289859718                 0.0  72.730306740352773 0.21212991083378582  147.78072398294842  279.39453758344945   202.5569782854007  160.87189287664825  26.056519336745364  283.04733055705816  85.084425980739653 
  6  24.671364133179306 0.16753435295301616                 0.0  393.59372598005643 0.45931217773632904  77.258380389691297  29.924893932492466  209.01293217356644  242.30222707148917  239.18832710954644  135.17450406971767  31.820528590053673 
  7  26.268806413555549 0.10818491666482018                 0.0  132.75218332889295 0.11393390340083104  94.614186703349759  70.487833214033799  224.76764761039618  257.67213625743653  73.268609838953793  81.027077176287207  233.08912950664657 
  7  24.064271078807398 0.40074530163879263                 0.0  538.70519454516977 0.60411875667106041  173.97241813035379   181.6339614192263  231.04514049568044  337.82672902454834   270.7750245070676  264.28483393596514   151.0820503845413 
  7   24.28738341542654 0.34901038881032109                 0.0  460.03943628170111 0.37235453609027735  122.93588819880733  222.50285005163522  248.62845097820684  248.83742914892935  120.94329149219674  180.15624498148065  99.235956961183717 
  7  25.804852202148687  0.4569424595983127                 0.0  387.00844128719399 0.49785948999764185  27.091514448540789  323.72457629776818  206.29510931642852  122.07749485501076  41.619706944797372  268.34208629575744  77.845513290130782 
  7  27.676201388343344   0.347805692617836                 0.0  343.53159918716068 0.052052108464921587  44.297776797027154  327.75246046592554   86.49282259157026  84.177878620567682  149.09333318866729  204.46848590482955  337.96184849967585 
  7  24.846810611266285 0.48015577370115564                 0.0  361.82621701265509 0.097333284155147554   109.6973242563859  122.96955314778869  160.30417248190651  286.89059637356547  314.61720156380972  155.99766142199391  74.758592231155944 
  7  26.442331022488936 0.47042830486482134                 0.0  425.69505136483042 0.25169828351157764   72.24602072030774  209.79009905889009  251.22033530894072  25.420756583694718  95.375785105736028   125.1413274141665  346.80813326060894 
  7  26.295597041474117 0.37692052367277101                 0.0  207.03490590898306 0.20607567682344416  50.037831131582479  67.936948408234173  23.171560259700993  36.124665665676389  10.356824774923577   52.59299169219198  4.2124493590223677 
  7  23.488137248825417 0.38480263828655226                 0.0   143.6764452673147 0.34282066657507948  6.3618829155496766   47.48245016887541  73.790136501106531  66.003983324486782  146.73854390392546  141.55444850654533  62.904312810072554 
  7  25.721558712316568 0.29431031560101634                 0.0  156.85548188150653 0.39138657518105702  14.861515708424719  185.71520547027549  133.34930074536246  122.29237062966855  281.75055441515184  229.68669273468026   147.6710972006689 
  7  25.813511281238345 0.38632055556318023                 0.0  651.91325995843056 0.74620476929311996  8.0532270834268616  101.80384782461574   265.5429014520347  288.38666804361503  315.36095690834742   22.90797776484396  97.228541871510686 
  7  27.366848870367324 0.12641672781864113                 0.0  192.26298212032077 0.064001956244185421  120.78393621036258  82.023917517098837  52.079690331311888  326.03475295546514  186.49694877436687  126.29075472857681  262.07403483420973 
  7  27.215618484958547 0.20566933458145967                 0.0  128.73395264180283 0.26682031033147091  35.635044723517431   7.187113933795799  353.42450329549803  332.34941329848402  328.14536037667307  254.12080696286742  279.39371526039105 
  7   25.73427088880738 0.45714386997820883                 0.0  212.74716805145567 0.19201489472964067  61.507318885015025  153.25179750551132   244.0028278255773  153.35927083083908  46.331818810686343  142.09002708631863  176.63192062900438 
  7  26.972230556442145 0.22410047046142309                 0.0   438.1375287911477 0.34979778461067129  93.199547838834334  70.383216009695431  210.65615140384764  254.67156044204478  107.07924002510278  67.173736243473684  7.3540142871438841 
  7   25.27675394016563 0.34363637338904879                 0.0  389.62072089668862 0.22506098098034122   170.3858799070145  259.33481062971617  276.59087772970236   21.45478795810023  249.58150244630701  17.008650809739294  190.15019463207989 
  7  27.016031107451727 0.47371506308750116                 0.0  970.60289432154445 0.61211409436027264  56.339321754865495   91.80805909187832   268.8736737210894   115.3273441423721  35.807107248875305  220.50484636323375  266.54619999267032 
  7  25.611151212911885 0.42885006317802304                 0.0  86.453976993127469 0.13503225815252112  125.41578119585201  325.88804882029461  285.28799850933547  309.59244476504296  223.27429562872658  92.020095618850476  127.79901662510352 
  7  26.527155462105839 0.48882005247120219                 0.0  603.52151197613978 0.38599267479344346  111.03876627474976  14.309891209601492  304.68237245340561  191.45885115665536  149.19448838648495  105.61753324409567  36.863111275122044 
  7  24.992575409000452 0.34428444876637709                 0.0  452.26443943009986 0.26361896082615527  101.34062207644686  62.022735837587589  232.67615655285081  122.93924512470745   173.1573666424058  99.505994277329663  268.64314610622017 
  7  25.346799482375037 0.018275095739745985                 0.0  354.60079161947823 0.40902794455657115  172.21696100879899  59.165591493197773  208.66379967104362  126.05592340283506  40.684345265313759  264.40975705304982  69.164016063465269 
  7  26.412065212236822  0.5011486625236804                 0.0  442.03048889843541 0.27365790763591974  114.48664557328759  10.569437298723848  339.21973594499372 0.64677455037059683  26.837600385532486  107.16825563592067  54.074447491847231 
  7  24.112854388137215 0.48904447655196354                 0.0  123.17100425859465  0.1773898554578866   116.3595400082497  194.13982512061159  124.62920582020372  75.068455429237858  210.70231196226328  24.896336794915705  105.70893478836626 
  7  26.491993217328311 0.51521912743473608                 0.0  541.16387625652999 0.69557792840348698  100.12163893875156  263.49279354125895  313.87055797570235  263.46419331377632  248.78573644206361  116.96210749284336  127.10466951636103 
  7  26.402949970186256 0.28765870635272917                 0.0  379.82920284191715 0.27219561267785486  94.212314919426277  345.87592521191061  314.98506641758036  182.42396755570644  151.41700705202703  22.711036804394634  296.56660932415673 
  7  23.976008894864304 0.42771239556733942                 0.0  211.82661260252848 0.0022746431866442207  133.18223613081625  283.36304648522116  7.8102187580790172  123.96378558644709  151.85608046068432  306.81400628388116  210.17850981857015 
  7  25.738778687344045 0.069702170989954904                 0.0  343.23359474309098 0.48479530592260928  179.71053742388358  34.639146396413942  48.459889573134191  129.67339244832516  212.39043530783346    219.597168759581  101.23865706643318 
  7  23.948214744228171 0.09408192035438287                 0.0  44.887688248367546 0.21779959598112872  58.774140932681512  339.53323694977263  164.04388279849366   90.13814220574433   134.5114468712797  155.01452980784487  144.63970081158809 
  8   27.01469362215035 0.15539217152082221                 0.0  167.57776123374151 0.007948211093631502  39.843963493456926  147.05504117434594  10.191671722885051  216.82269254615781  249.10275976406712  96.464144540585124  226.68712663412481 
  8  23.469833929846953 0.48680859214085398                 0.0  508.40442456947846 0.65045670084633611  86.707837332489476  149.93263611161944  156.51660314618971  94.118946231638887  53.334856205293704  224.39341564892433  8.1535707655691425 
  8  25.482037374868664  0.3461180066443908                 0.0  734.38567751466985 0.64087296907623059   14.22841456595463  86.133921728461601  124.27063359685567  297.99111994725502  271.81252527189844  274.23372043243472  246.33888404285847 
  8  26.848098708395092 0.30070283471909043                 0.0  362.11779255317168 0.30666059999672274  58.090588481995518  244.36972889663491  213.87908327381189  339.66437139906719  236.26021221466945  288.57117854189585  119.32588493158923 
  8  25.129369432838505 0.43882454948734306                 0.0  218.16480782148415 0.19150161692556333  114.81213488003952  5.5522698861555453  310.43491697576064  271.56231075705199  71.361533075465999  135.36436641710657  32.717504479543884 
  8  25.467665873120357 0.053887224171667136                 0.0  210.65048164165927 0.50026712949726149  129.98356647222221  275.40517331249845  69.513685129310318  269.88410050643239  17.821199376971535  319.35143986974509  283.69180164784603 
  8  25.253608646506439 0.35628067192670171                 0.0  475.01145876916297 0.43663559138320318  71.191826810062622   331.5076363994587   287.4004581882603  245.04091885582591  54.409560661373256  333.79769516044968  136.15717737178426 
  8  27.713242540098641 0.085546996831092736                 0.0  269.71428445725792 0.28384235177129646  119.74680570933656  331.90585162045716  54.155895716629409  254.47302932743983  70.577884610644389  89.111616066644189  220.77521245533703 
  8  27.441571173159979 0.13496066548995569                 0.0  630.35919898102759  0.6360054372982501  126.10339746947417  136.65084704564748  6.0911004043926154  279.60418399475174  9.8406592104330759  287.83981659956862  256.82069294864851 
  8  25.826243570574018 0.22541501520440424                 0.0   147.0053365162353 0.13139235805944766  51.236587037339746  312.20134567120346  7.0736944603266183  281.20985660490675  109.94166204480304  118.67411673192409   342.9768277512826 
  8  23.534144059596805 0.10508737300405234                 0.0  410.33437230469212 0.67374833571277803  167.04490858176001  41.922449400502551  295.12153422745018  70.521836159611198  227.98674233242406  307.94379694627736  322.99166844597278 
  8  26.446318912054831 0.26455528494811603                 0.0  859.66229054791734 0.72317235663856183   52.58541286453611  54.887127013311932  30.155714525026017  273.73682057922014  64.658192399471318  263.86856188739779  204.12571535837967 
  8  25.093926467985945 0.39010953882114996                 0.0  729.52026571859824  0.6335002888533281  67.691396816196132  266.89855326916125  13.522701454105658  241.19321284741818  15.650732902266524   80.17765892942694  236.63194798084069 
  8  23.748771624700193 0.06595658878814159                 0.0  63.289755165321878 0.10596035082165536  115.22936713102787  161.61390478413617  315.33730523632391  226.67124515661973  140.34593779531818  15.077622007716386  221.08759032794043 
  8  27.174907143966411 0.021563709067934311                 0.0  647.77840827730279 0.63553433957448013  38.329616013417215  238.04642801607415  21.009767278123981  16.540517785209474  2.2491880086421201   131.1800964900298   251.8126781870057 
  8  25.053726447991174 0.38636913871279754                 0.0   275.0702351776996 0.48102972750566259  19.488720784607732  79.249574796570528  57.533614509885787  213.53095936286459  214.73721375720322  287.59263866363375  315.46085459582793 
  8  23.788854379171635 0.26269516177373853                 0.0  314.08901046819642 0.43155492415640739  177.17471636146962   78.28148412269438  220.51630102901083  101.53456968548193  150.93902172744617  169.43469584703124  217.09322320852021 
  8  26.947578571575022  0.3210215326668745                 0.0  576.41008455250642 0.63188136797765881  96.940247838937779  128.75473588890557  161.94618053315219  25.156804687120029  78.948631551204556  280.60430794737238  327.43655551801982 
  8  24.215726551508467 0.25306815321680071                 0.0  775.51920780256478  0.6102969078871463  37.345039297464133  335.26842131478469  245.95742096753051   302.3774778244312  186.55662695436402  31.171605694836856  139.78934547288594 
  8  27.290363825824787 0.41012747466063842                 0.0   346.2874301714009 0.62901305449689604  113.68787380511441  215.92149032779994   42.31558330153355  213.11383546273339  26.612707137096677  268.72952830083113  29.368962862735533 
  8  27.972565146795766 0.21265958083144781                 0.0  427.48805947674384 0.73408490614131638  38.640397555480739  191.15956108351844  351.38982432340254   34.54946827786388  233.61848000355306  267.62606257773416  67.978451210528959 
  8  27.247354513943275 0.43954045734661812                 0.0  400.63104680300046 0.54622254656699909   175.9168804721883  137.48808417027391    61.6460028550419   63.84852056081467  337.45468873322551  137.09754835195676  337.15321734659057 
  8  24.951061892709532  0.5152358496021785                 0.0  223.08635787647879 0.26652824616338006  133.84412441814081  238.59955685930663  117.49981944434791  165.21799774180013  246.84855797454125  322.06826353490936  218.25089994684024 
  9  24.028977403257961 0.45345359104669691                 0.0  294.07391873024102 0.50078081239978178  177.69281757515233  152.98190631333534  279.33417281345686  113.68478537200559  92.316389747335705  294.76046872361405  33.777016263166828 
  9  26.174960845688584 0.16911472016115675                 0.0  238.12194168493576 0.057688985599877424  5.0775165095898656  203.65115355300151  250.97645392604156  52.482133055252511  56.756626744488948  325.23384707566146  33.196176036422528 
  9  27.895974585218038 0.39578785971341518                 0.0   857.9041784690545 0.61992576980551617  35.912299773853952  31.269781478917391   48.13895768452474  344.24067202183829  78.678972677691604  352.63453520119833  233.70424016176042 
  9  27.866048412463151 0.26602297239331013                 0.0  262.54472548813129 0.40540614956725118  133.79279140026571  252.88630880234101  194.70739472643422  297.49300205412726  12.126044388555455  13.368627949056521  25.106052031877411 
  9  24.347857221378426 0.17586423322072428                 0.0  264.10016126540069 0.054042119008207962  60.666359944717286  201.64814700123503  358.64516431471543  148.34565191578648  218.92970289733506  131.05158152356728  262.72252481922976 
  9  27.163733659893985 0.088477866318782863                 0.0  439.97687671224412 0.35126541266103228   3.442610232084431  323.00998141778081  157.43402889155021  227.33200889715965  21.190209628982103  256.25045339351328  327.89605117945626 
  9  24.982006147765869 0.37216287717027996                 0.0  534.73362607863169 0.51829881620658669  21.372102578369422  211.84568405894615  148.54019204517954  312.21966868687531   83.69041274600329  164.87158634159709  353.56733483686935 
  9  24.329425731568001 0.039843836294223861                 0.0  268.75284242259198  0.3630649638506171  115.94293415833215  220.40910944632233  325.35954133697851  245.12434475090072  289.98725412537044  134.93429812564298  43.153345249557916 
  9  27.058714060706777 0.17016425114532685                 0.0  125.97181075676878  0.1277098449107025  92.238877383271372  274.20498397491116 0.46769010077850393  123.48930433982839  180.19264679946892   298.4472895565396  56.837832389043939 
  9  25.655442242081879 0.29607519067260762                 0.0   414.5468361348253 0.52278420370577516  4.3210614432213017  247.60953878698581  1.9330709631693743  29.127931192310111   231.2124469010287  185.30400408415667  314.67797367501578 
  9  27.802225258224063 0.46535462835495905                 0.0  339.75795318945501 0.26789223786634614   132.7067863752759  56.907771821832796  37.598088672427387  247.81921405943604  259.62318477296634  341.66310894648967  150.16185869018568 
  9  26.697632338243604 0.47917790868734406                 0.0  304.19707474334331 0.36344307993555097  6.8074327290388714  48.149630272136164  98.254162624579521   9.095809157894319  88.756740218638228  85.808916506002561  150.09277876699309 
  9  27.856539319293624 0.28079455047654145                 0.0  62.660927880439274 0.25052791807899266  20.019417289377724  188.89379542880909  257.02056391249613  243.51419332498301  223.51580181621094  178.22216674498193   210.0059835915811 
  9  27.016045902296366 0.43623917818886965                 0.0  612.12185657514294 0.55550036530147429   32.21271705116272  322.13396541489885  281.70135113713394  142.31402165193052  254.12853039751289  251.68481112766963  341.88542186401861 
  9  24.739224294358596 0.42867445519250458                 0.0   335.5536294508322 0.13427915775106863  46.810065417698965  186.39692973229916  211.48680925643407  277.40555761636051  152.65265899896596  321.30673344270298  206.38223753467889 
  9  25.948848153985431 0.078684673968619182                 0.0  870.05701426775022 0.70485777487079626  60.746793847645499  219.71950913767898  23.316708397868876  237.42858536431717  28.645817832604848  28.367033800474367   270.9060053796959 
  9   27.40158186601359 0.25223326811713542                 0.0  385.07885702047628 0.63325119322490686    147.837697421082  208.57072291962879   351.2254372082154  224.79591506619175  126.23945227939669  174.03058794689932  230.38438970979757 
  9  23.927416128001475 0.33709819117581141                 0.0  228.24193759839102 0.016716366018997675  66.614493164707639  40.732675797706811  319.58226629944431  203.68894139423332  276.51633656772856  138.49464921393616  149.98535955588875 
  9  23.853144163255372 0.18619214851870775                 0.0  336.17865419206487 0.34658265026942481  139.54697796612004  341.80193595899829  254.35457214532786  14.286032392173809  3.5572120905339766  8.5410306673939438  233.51366100847883 
  9  24.986247816543365 0.086500718080779457                 0.0  212.37574273405713 0.12559729907064074  54.971969677827609  326.81936368979365  272.29082354063951  221.94807068482882  115.93305021266657  286.10046587702755  51.083912896140603 
 10  25.183757031988694 0.48841733138982774                 0.0  332.70338974449743 0.53634722136028301  67.454265932593245  114.21333206436219  302.23758427866159   320.1302008090853  345.12614781459951  28.460044276786114  79.897829079795656 
 10   27.79575699618945 0.46831992057853283                 0.0  409.34404390082705 0.14263527394200393  78.521219768005807  212.72591767325287  230.41894285150815  247.88989240224646  175.90066591961809  70.673645097157419  287.87287980203371 
 10  26.128855003505716 0.28491114973782983                 0.0  245.30773055917487 0.67034848880925291  136.89642787873385  91.786636626701551  250.99223130015369  188.04199591683579  359.51076773658923    146.151562288799  126.19641590325104 
 10  26.414481195844356 0.0039588525194259733                 0.0  393.49079892274926 0.34671120049381771  34.176437817817153  78.231875313564743  79.465263224865353  242.26693383653014  89.462603200927916  239.02949574011478   196.1998029739843 
 10  26.855775193613351 0.42954656524426382                 0.0   248.1788212174315 0.60735679176860524  152.40049337474923  303.36826549670519  76.865367241452162  161.44699058608842   260.5308103240111  121.57189428190701  192.63349507946862 
 10  27.722988252743598 0.41394159424089189                 0.0  462.44159793443868 0.36193660611646067  28.950693561817026  86.049131004990073  9.9892026936264156   85.09325055458207  186.65463723723454  138.87258724338258  358.61609829236767 
 10  27.236163358329737 0.27272726155205274                 0.0  693.55229341336269 0.73513823623653729  42.118761163857151  123.89335655573244  214.61680640429756  119.97342384010753  287.08695457643796  150.00601529347028  116.52111012664137 
 10  28.010272519364502 0.39518371736296842                 0.0  375.29377770458109 0.11391457105855485  154.89539030642976  128.45723719919508  292.47081352022923  170.58652094946623  147.97542565240576  210.20943134739696   313.0888968659595 
 10  26.959950577847682 0.44950675117538164                 0.0  402.84558999091098 0.21164919308562152  30.533805526756105   264.9738027015228  3.9628099868276667  7.8066232330672136   209.9325867689312  146.74709205041944  31.734601859092145 
 10  26.612279912330024 0.29235670748201847                 0.0  111.69828584796335 0.45737027834651822  14.679999375611509  288.70861775377307  0.6600713183503526  204.95784792648206    85.1178850564133  71.944904911553024  73.483668106021895 
 11  23.535852927134847 0.017717441625922564                 0.0  447.61507016555078 0.49663243910336707  14.431169384075101  144.45905597006779  13.520543371561388  138.03910952304403  32.869723916042652  283.03079120617207  7.5642439602574285 
 11  24.897061879909117 0.32953145134719281                 0.0  262.71767002566338 0.32925562585191082  3.3300339152814162   184.9852906740422   178.6305581503193  141.45605072370631  27.570288777217179  343.19363453478286  229.08119999489512 
 11  27.255333790829901 0.38908388054945564                 0.0  204.96634701537408  0.1122993917463386  111.73835750155799  270.55779139980331  149.07603950515107  262.65316050069788  236.21537871853806  332.92476878528146  205.95450823955903 
 11  24.693283351080108 0.13716695983688479                 0.0  59.303269976222722 0.28968273397381161  54.036365767115178  44.024071031656355  53.245157127773609  48.453829586315202  69.949509506059684  263.05854053117025  168.82862819945493 
 11  27.859511586390934 0.25127481871986723                 0.0   178.9108780631139 0.38993140888245975  48.499639404191193  267.01687122761774  211.94827177687787  127.00976900832183  111.08408665824905   316.9962950853718  218.33793397736176 
 11  24.157690374942124 0.28477025966370217                 0.0  996.60313753936157 0.69643033130290077  15.732809826066712  296.29411538781221  78.004763744067532  316.40649779081843  50.350219319984248   107.2049168606558  349.07741807655577 
 11  27.448532738314505 0.44669557711307722                 0.0   447.1485892110253 0.21564070249465794  165.82713269298279  46.672649781285699  308.68678672399813  83.850416654310365  11.987695970866049  60.040488026794307  114.65071722516736 
 11  25.917221798072635 0.30034552844148915                 0.0  324.93517467969008 0.023685812989181598  54.616428042291815  303.89947925062688  80.600094639830104  249.16204043841228  310.86161220204787  87.096991993085041  293.37312438898573 
 11  25.769681714894002 0.15874968448392976                 0.0   118.9885395952584 0.0056039352381597185  162.42758552281407  168.20517045065813  33.163480928296856  58.496130391462195    67.7351777416565  169.78120929681381  44.637598899431751 
 11  25.816605003375702 0.51716877954260221                 0.0  284.00287221098478 0.58185465724566443  25.313695060846982  65.232510291275403   89.96796376485706  161.71551722099528   221.6345723442642  127.92293600488547  153.30609439423233 
 12  25.700351843045301 0.22586959662418618                 0.0  61.692407438458282    0.33627014028988  148.06495289308168  74.177687590733612   310.7026232060955  16.567982920961484  287.11033256316551  154.13201868132415  220.99991648946252 
 12  23.630313241789501 0.13226729935157167                 0.0  94.221159428729777 0.083999393357258118  126.90626092001061  10.618574744531344  184.53380664480503  309.75583574589751  133.34298923016624  259.27016291866244  129.96258122589674 
 12  23.869808777463202 0.063418346702329126                 0.0  242.68998024729791 0.24601840501626185  159.68770391429013  199.84902948815218  148.39481751755784  132.22020374708421  90.900221640429265  2.1916296657115364  346.10005574270468 
 12  24.890823252785392 0.44164285383515517                 0.0  281.65442403239928 0.30085225919177805  81.313480578389843  281.64531025925857  147.68965898924461  78.851736355669502  353.38644951403171  127.19014539993042  104.98058779985432 
 12  25.951312990189276 0.10556172087648336                 0.0   649.0800077284822 0.56575096765222521   140.0037740105725  55.509568953621276  90.395693825269035   304.8742692406791  32.681942015033613  168.77819724013077  234.37112468437473 
 12  26.566348767890808 0.18765645221616462                 0.0  214.24895207865205 0.44231774681170194  80.710350926590777  21.220853379959784  144.01899482064562  179.27219599990218  266.06246650986355  226.71802777472772  327.85473814310706 
 12  24.441528130519767 0.34442977687231008                 0.0  147.97438746497915 0.30511178692359564  146.35118574736666  243.68695736912446  13.083204028231847  58.985129504459451  227.99564879926911  54.538972452055972  342.16952156938288 
 12  27.362051397254749  0.3462869109203765                 0.0  854.67653155817732 0.58629457985751532   71.68971381424042  65.859316199933957  176.28978863591504  194.09784015662854  193.73425048772773  348.65888808390713  200.10180425622752 
 12  28.059597009608531 0.33029072895467593                 0.0  324.31680445157241 0.23769402475397067  76.068805938299747  224.05898582954575  227.92650328541009  2.6080553637443682  356.93030644117727  107.11918645209369  345.01292295691246 
 12  23.736050824501358 0.22704070982804078                 0.0  284.07614845086243  0.1679041968405027  155.95568486149804  204.28487600580416  31.705856179987101  41.486323876843905  252.05709173638664  243.24350158629079  222.36406571593272 
 13  26.746519132022833 0.33289170508889004                 0.0  710.60534598805555 0.62477300361437538  103.70099191462705  16.003809817541747  60.719912357676627   325.8548600628572  222.86678945511156  306.72266078219866  315.94185846605563 
 13  26.960443905839497  0.4664768456806711                 0.0  782.19946221125406 0.63063376860248532   13.23677763779358  150.91952772864815  305.28440808807142  269.47414555341845  117.40035511499869  289.93499899118956  133.14307685172622 
 13  25.813173195903694 0.29201052960965523                 0.0  253.14339151200315 0.11364977498878165  15.264042262195741  264.54959883147336  314.39001078627382  282.31533681149637  300.97698790653988    102.552979507164  193.78649876904578 
 13  24.378646238144803 0.48238500519041361                 0.0  144.49617014776524 0.57001829561712691  6.3751215128665066  128.19074661977831  295.55201692818696  247.71907417165161  175.31580927874271   50.05976787500159  96.310465095070072 
 13  25.199886888845178 0.041505229223241173                 0.0  238.15694307463741 0.32412453472481462  59.877183065264568  356.69134909109295  288.64603623243221  274.75147415710472  315.25669690682167  326.84820991384538  33.933457674426315 
 13    27.7094893567801 0.31102633730912843                 0.0  483.48624948123938  0.3780380275928511  136.18435548709647  145.21828523087524  199.97790240698237  12.816135335397995  185.82368101047416  273.09451431143981  116.43628693130448 
 13  24.842508213996762 0.13918373083343188                 0.0  321.32446907205394 0.15036843696146096  100.31053498236011  36.752114187737831  196.03641093153774  146.18347895077429  7.9168864091930269  127.44435040303253  139.27418515160292 
 13  27.998210671214974 0.046781807901404675                 0.0  316.13143007357269 0.17396318309667538  85.218466719279931  109.62037187865751  165.38174794961958  188.14222417340889  274.82466158536795  344.46154174580153  154.02951148682956 
 13  23.663951216381438 0.26515692616065539                 0.0  98.064055488899228 0.53784610980425562  175.70887090447681  340.97177417748878  33.004456497369496  208.53232263188653  81.639631661900523   13.79375201961941  234.97216215144988 
 13  27.844635453467529 0.51287250988350253                 0.0  64.056068414735392 0.24337380564223715  12.730915795826196  145.05575716667229  285.44596633878712   113.9302925888142  326.64432033892791  43.103692843685465    289.385711181072 
 13  23.566178362221255 0.25849936732652662                 0.0   306.7107012261144 0.30125858906094083  34.822541625779593  269.49712951701923   122.6915697236755  103.15513892441035  289.68060031048458  166.18234388917347  66.390265050928889 
 13  25.587899625742551 0.097889188046942965                 0.0  94.298123310387382 0.34198128531962707   3.152680400807002  156.56145286834251   83.47720815442301  6.8774471044000318  167.48208647313331 0.61108482184863089    89.1584535588661 
 13   25.10323117747382 0.17508114003650843                 0.0  304.70275657769639 0.13113710406229759  151.10437576745855    180.853802809532  200.34446897973075   181.7512956549333  321.13449316293605  122.08340856477041  202.96116538732772 
 13  23.816647675798976 0.16555033270161129                 0.0  273.03944438907718 0.10843448227039568  113.15918745660142   261.2774231970422  3.4337821457922013  318.05597053351619  346.91197532272986  174.65655088144734   55.11634909531962 
 13  23.725196590784385 0.45499144687456416                 0.0  363.50547311238341 0.15696719282049257  55.949582218687247  37.576882005874381  229.12545193876571    285.927718243485  32.872928610968522   250.9962990897445   253.5372199049813 
 13  25.893736022621578 0.29541518647806753                 0.0  131.33029161093108 0.35837214080967572  80.104593607837629  195.55840727983622  189.47587857542445  116.90904406115556  299.73460963317342  291.38760899105318  336.93236713104625 
 13  24.842105630828851 0.36070780771651045                 0.0  324.67244354652081 0.24666215614035331  155.84034094200655  48.862471946395324  22.473753970871119  97.257207556813313  275.02814858938262  278.02768490445555  300.21389187248593 
 13  26.688557141427914 0.20641610782939918                 0.0  821.96981811394369 0.66891336856156336  93.365240104819904  356.78792395692864  206.27993798499136  237.16684582708439  285.68962658457178  255.45451598557221  262.84583915127149 
 13   25.36383678511304 0.29984250054704958                 0.0  479.44995480374649 0.61809140743229418   16.83710264315155  9.1620785150776705   204.1685288685843  343.60644810920184  245.95202717248327  237.59013357549549  205.35007997845474 
 13  25.086033646478924 0.32839951179794286                 0.0  98.500162348989249 0.014798591167403452  152.80231249524269  213.82597568497718  208.99524460657003  287.32284388804027  205.37838679296468  75.445701858530711  237.29368439234455 
 13   27.55019547564336 0.28376321705763691                 0.0  87.744291669556219 0.14843104999592771  128.61217252482172  225.89031520768964   297.9843632366742   98.23418090020057  11.779880481768883  286.94805262492241  165.63129766081528 
 13  27.145184137081582 0.18173012550914755                 0.0  773.75083649378041 0.61070229541061472  22.995151883818806  304.29686969486141  174.63762622771188  321.61848986872747  294.38935364020796  286.71677129381862  195.24726265330591 
 13  26.991760756780081 0.048023531797542041                 0.0  268.18881506415244 0.53463955410267239  169.47569907763551  25.725810367055605  10.182820645454029  38.235803772670906  132.70446331598839  51.964411715009746  283.04286328732536 
 13  25.543523301011476 0.0039485148898308073                 0.0  582.18998339301925 0.69451640337731357  89.765750544591057  158.04394579849964  235.77097393825403  223.00519243142983   203.0042892923959  221.15155372342065  338.85519174021192 
 13  25.730879983827823 0.060439411904205549                 0.0  252.11330515360953 0.43102649895052603  92.504472783525387  239.74502854760783  99.646693986581766  208.20944559390423  75.442351344389778  141.33281063275277  112.57457531032298 
 13  23.922679729708207 0.46489042278769915                 0.0  158.11813582970291 0.54169346069568114  55.646364746073907  219.04413803000367  281.42727822326248   20.00388797505024  20.411021587869236  291.21252928999621  212.40294580852103 
 13  28.057416711476922 0.15591915912513191                 0.0  562.93974359883305 0.69297437140902995  135.81864521444055  115.09713067576399  316.58049086606053  14.474890770047901  292.06476010718035  326.30271447910394  51.140771462341505 
 13   26.53468461156692 0.10240671296976482                 0.0   812.9468344788495 0.71060968927675017  20.181586308187654  40.529713063606245  80.092590639013494  27.857294786545218  217.46367704552787   13.30042659286863   297.9953740380422 
 13  23.969374314384186 0.047797079325379757                 0.0  340.54392274922532 0.44479396728338505  143.44414708180256  187.45584843441213  90.726005122643144  85.504010014526884  165.69532154277502   179.2854592771304  89.802114399217004 
 13  27.183502354348267 0.24620445388662998                 0.0  682.49140675952776 0.50451018067855302  95.405591676047436  230.91252553047525  180.39947252207952  347.19832366654481  69.270497198942067  87.901315056073869  230.49846132690823 
 13   26.82552558002698 0.24112285866224351                 0.0  131.98275954270864 0.41101243572974383  76.468660831519287  36.057510233797096  83.013752431753574  259.24923514118387  22.714457018227307  53.133545339865393  232.35134349197997 
 14  25.746807869358591 0.47186567340592173                 0.0  293.51259132479629 0.52323576834895302  30.659364918952988  171.03428485351392  189.21738115772962  187.99618536507788  163.98997244966586  335.46606076217245  251.26623746175176 
 14  25.953713410731471 0.44349152597412489                 0.0  51.833551503637203 0.012289663259014233  135.25397079333359    333.526506847924  309.14613667457832  195.39286448562424  354.98235884493477  103.78964303044681  78.547739301744727 
 14   24.26436164676381 0.24273607296111788                 0.0   590.5314740635464 0.50240767069556558  174.76793339997008  48.367198470149468  151.57064468656361   266.3327357004336  136.31982856619558  355.13270205993979  256.98629448691105 
 14  23.556906030457313 0.17551922238931295                 0.0  708.10669907229681 0.61554826938106455  3.4244253060960106  179.46070894123847  46.518052386526506  64.687747176410298  334.57338737854894  271.55765730275135  78.273044929306906 
 14  24.173139052684391 0.32857069979407039                 0.0  378.83888478472659 0.31761704171810812   50.28528640182077  245.81452053038458   42.08530584036852  86.095316794671135  44.094394427696244  212.15465157621455  326.93793388815573 
 14  25.882621259235776 0.47036738908801551                 0.0  358.60723019125146 0.17168351285553549   68.29281179012267  285.63622909398401  63.431146824731854  232.34050001980586  161.49710265432145  324.42540516781264   9.087331962070051 
 14  24.939320638408709 0.41192844372573012                 0.0  420.05693374944565 0.25130462369107076  29.057975625965348  324.79444770568625  131.42863083287301   218.1008529414504 0.22055225832942948  161.82434595653581  322.75041863608817 
 14  24.649357540138059 0.23277241680276872                 0.0  992.42198255568383 0.70231397007264762  128.20649703151008  159.67347717474973  117.73973504249278  19.304326288948506  161.50730287426904  223.46464194172557  105.21232184820794 
 14  26.518213391597101 0.039241673248168081                 0.0  521.40860113615975 0.66874332645742762   14.15557985339081  217.59096029694661  209.72637689692831  118.72516581254183   318.9397964880568  123.14616660151074  245.66479769106084 
 14  26.106818490799753 0.023187876017466098                 0.0  268.30825586355093 0.37869071458251446   138.4052073796818   96.18216434478299  219.35254491182639  4.3955298471997706  201.26203789986849  146.66768364602069   170.2667811804188 
 14  25.136267555907352 0.43352610608854919                 0.0  1115.8947552857817 0.73594056678273001  111.04642394237621  206.41184254887014  322.97487422928418  155.70787644925633  305.73084472688168  285.19878182266729  321.59070802664428 
 14  23.859899279587871  0.1542585141745097                 0.0  41.694272274093244 0.28648190372159266  122.13202076812907  330.74269512651387  358.44537782542835  156.77599244861506  110.98124356949225  151.08820780372008  16.263526424349219 
 14  23.887239460403404 0.20881755108459812                 0.0  130.62391709124421 0.11591398483288437  147.44109346412796  152.21614725006239  110.14188636392231  182.28385772442235  96.292521503593917  321.43590631310104  25.701147245862131 
 14  24.727349901901015  0.3225295536746457                 0.0  279.88572523199872 0.057425086344839532  56.901783638425037  340.37141493300186  225.89806550537841  43.700107057769529  111.20326795272426  342.93414979461045  345.14278824067458 
 14  24.154944155177937 0.50567675440004256                 0.0   293.8702794007678 0.09869361079582406  116.24103217915005  115.54281480792928  138.56799757170239  52.749691750894733  332.24642954456857   230.4368866594196  9.6714208155901424 
 14  24.996648254499753  0.2398128352923696                 0.0  139.12675512141939 0.64222026640935947  5.4287166183329223  107.88290078663024  340.62043806337033  198.18112142615138  21.934098608127272   351.9724558137616  303.52552640209854 
 14  27.170338150723474 0.15567131927971525                 0.0  444.04342813783865 0.53952528646839593  141.70606328422338  305.30551101933276  116.98580841710179  18.137615095151528  206.43082446426087  353.15983276339745  38.181398750361019 
 14   23.42814710981914 0.36268099899424716                 0.0  369.78996166890016 0.21861475527995594  65.499010595100302  11.149909480963318  167.82426320072599  19.795254656446033  229.95034239296706  328.60736869438972  318.66400984353925 
 14  27.367188550873056 0.41821863579845464                 0.0  351.36508540296359 0.37799035533255931  108.20341507248911  230.66680004941307  246.28724185109917  159.82402703561411  129.09713891017043  61.662009965412381  99.446702063299668 
 15  26.117701600856506 0.42475255091758612                 0.0  353.65169700551508 0.51022224348962708  109.54741069366113  21.196337647078309  37.330006565610809  6.4094520320357029  167.30478677294252  148.61410940914374  197.72670812727168 
 15  23.638110143726365 0.38950443360284442                 0.0  109.90407104680656 0.45983490852002085  70.999648066438596  179.52971231515056  25.461714849280344  136.44878828128697  57.549463505622796  325.03157566340872  83.130546792809142 
 15  26.901551866134554  0.1417614742312184                 0.0  116.83215255270338 0.11760825196863844  36.261579728230082  314.54999329756151  337.84186551474272  201.80301720411609  158.94335187268112  46.456704548306639  288.87567769904746 
 15  27.313434800973397 0.46449413950922003                 0.0  330.78182538332447 0.29704145643909569  162.36624104843682  78.483037877072775  234.96977548299995  154.61274146534538  57.899773005804938  50.730008459115616  290.90690960966367 
 15  25.843553672768103 0.39426399026114628                 0.0  433.57201356067361 0.45487600430078523  126.63138446838754  100.01242727585382  145.18905619229494  285.82765754806707  332.29482716467123  44.007136904704581  37.702924337012561 
 15   25.57543061796348 0.42889495465339639                 0.0  546.47592394051367 0.36714903340447724  47.148823716881367   126.2369493823243  279.17538338014049  188.32381575753806  278.96333140823072    95.2982710154226  315.52931650159115 
 15   26.55720379611672 0.074941604111966501                 0.0  578.69739359345579 0.53401448204120949  49.401613993121138  356.04004646769096  133.93000762648396  275.22772829532465   162.7920888556869  335.52078296300607  322.30615548350124 
 16  24.388005277945403 0.19400747954692907                 0.0  249.80826132911108 0.66746195243435069  111.32882949167507  167.38817182509555  79.344641144703743  12.287967204118836  199.46544188286953  106.52762643672453  317.90021440676406 
 16  26.606122524683322 0.085909683862639211                 0.0  113.52318763799315 0.39210060673559288  78.588316217786158  115.53868492921282   59.68515184129474  146.66397371373424  188.15463266572763  153.06061629617048  9.2044599129642179 
 16  23.815098485497934 0.12164375511603419                 0.0  307.47923971644639 0.47991164835880307  45.278433044476003  231.89213391138529  213.75789440799548  103.58084417771093  200.85239757765578  236.08166684371335  205.44870790332436 
 16  26.443672987745583 0.50929953525052973                 0.0  299.27534473635103 0.12268347177195568  39.878619284621202  274.89440148838884   101.5527581967783    84.0899000838712   65.33716255529896  12.972939430377298  7.6248126021657425 
 16  27.924272876822648 0.35279513496682846                 0.0  277.97065830100343 0.33818927283154937  9.8614471523132288  223.31471282056157  352.74123415159983  40.173401809740632  345.58390196703192  139.44733832358338  26.540558725322654 
 16  27.515990062007777 0.059718595561711739                 0.0  229.04636789613923 0.24746686217087965  144.68186894676541  140.01783036992111  59.607516587294512  305.78907257473827  62.198643756957182  320.32520052203807  150.19685053682295 
 16  27.595473356587508 0.17008128933475772                 0.0  281.41327439333298 0.33166831987833922  151.54538495527356  17.666403844752104  221.74911501972491  229.11784176550447  357.90437347030178   187.6280707460219  351.44016173009402 
 16  23.740657304259063  0.4289042902230214                 0.0  208.90174110741569 0.12609379853182212  92.324160896631469  32.366085904353554  65.926527360562417   291.2807681881585  263.20068554522766  226.60367862822599  357.49458939526448 
 16  25.432363496688545 0.50555689949328375                 0.0  305.48924388414446 0.27513536535907357  17.883784788658247  186.53616359363252  79.744635948633473  245.94386841629347  272.69832049154928  324.79738342737494  64.046087305643795 
 16  27.786319903813983 0.24306454193563437                 0.0  601.34100292687003 0.47410498007258262  150.22664327548353   289.1030821730144  73.492689472501382  268.99019654693569  282.08495010883661  143.01629465896127  224.86229207816203 
 16  25.496424963636599 0.38803945207902718                 0.0  143.36506554208285 0.060957915663302692  78.326509663701557  254.34664799629746  56.053483947618005   238.2293029448017  217.78416716904309  96.331300259659088  101.56772451740295 
 16  27.618922235899614 0.16104808297145265                 0.0  404.80308880147629 0.73300591012893168    2.13778593342701  69.479703238202163  127.42810742048418  205.72172662658522  77.959957679009023   347.5446308181032  60.379617410239923 
 16  26.885651302792702  0.4259725756014347                 0.0  268.29766200672572 0.0022484201633234391  157.79778246711689  355.65524058971181  311.43602423276025   89.21282776489123  289.95128348324556  280.95879080197727  230.63806630413927 
 16  27.645581985330303 0.20640253911559911                 0.0  126.83270191605669 0.011433659777702998  148.94831796509092  27.923526261227952  43.697877002459229  259.03824272403546  137.77660646495013  144.74708082823219  321.65327167537436 
 16  25.329217255982215 0.23814622490524889                 0.0  288.83978144779485 0.12217762075501037  100.24381254806678  49.383116089180447  63.635834787210378  341.50514581140794  204.04486072580664  91.559005393091155  225.83310549769624 
 16  26.255889283385258 0.43766454675292371                 0.0  150.62027304410961 0.17535369758980085  22.170500657232608  212.69001413643508  199.93016815589064  151.84449827452431  208.91653531484894  314.66209758840017  142.97049858290697 
 16  23.624856677704269 0.16710915724258404                 0.0  109.64616711039054 0.059577393259782452  138.47727813522178  267.40148974643654  231.55702054833722   35.01459938365192  98.548689881765881  201.92566949454064  128.09976274683677 
 16  24.676092893736545 0.10564409117514248                 0.0  243.79156154509991 0.39085610002068016  64.662831978758163  358.00177538031903  212.68942382450226  165.96118994088809  226.33225198116335   14.40239987442264  327.93880920647615 
 16  23.789949360253264 0.18234572007348826                 0.0  222.06887777387348 0.058743307213607515  109.34526630137216  9.2048990644955175  113.54303326027426  311.71947405476539  349.05300480406123  2.4504027059448941  131.53244894463376 
 16  25.336697138517099 0.22306944377624421                 0.0  486.59595703159738 0.43760627125345153  150.57871105152748  353.28050038090703  152.85107786792264    356.848424378831  183.90645913706109  248.77814870495337   339.6930167364203 
 16   23.41468755875669 0.43149551541730802                 0.0  194.57533177172758 0.49755065870135912  117.39110314264087  102.84419980382602   25.66334507094108  3.9601755428122098  181.68917111006698  135.66197953637732  59.881651262336824 
 16  25.074906818750481 0.24110992827222699                 0.0  663.51773899226134 0.61674530613759093   52.89734451133446  238.89876701094153   77.67449854392693  124.24561295158513  355.85288744052656  75.998047647266489  28.601076195407266 
 16  23.536711013018142 0.056949713992597135                 0.0   189.7993064121909 0.28405247515261239  75.049951598588009  159.76589874602948  212.29032939144031  131.79920539812471  135.73760443092371  75.742107229259389  32.596433829266545 
 16  27.249229584889758 0.25371834514427427                 0.0  337.92093240404625 0.24907553501767013  172.41645450769389  115.33490228526136  170.34840931998215  221.51473542628401  339.93957016638569   223.2951437359381  11.799464964415808 
 17  25.177063073128359 0.073079827969785224                 0.0  409.55927804282004 0.52332994606181038  64.408250105571625  163.68573820715332  181.97928040880447  306.20047891765427  166.55740909995637  153.22604012875618  105.21728641070105 
 17   25.49337964078056 0.32102035064823925                 0.0  492.56950883286544 0.48519427789023473  73.328469268162863  354.44064419220257  45.213993860776071  320.75877887230592  138.26571628113933  262.68526438433616  74.445636423636799 
 17  24.870335747422672 0.45077958103332411                 0.0  914.59734613601029 0.68898288564436638  113.46515163649761  265.23889728010261  288.22024080293227  36.853791078973316  357.66733056004404  294.64665568742311  248.82823647915387 
 17  23.589055535004828 0.049020268333571523                 0.0  195.59535294474642 0.11595093135780418  142.46075172350871  123.93283968689944  46.936466180203212  355.75361903766139  160.45201794874077  233.50837274503465  211.54576255640171 
 17  26.836049037983702 0.50511387638545158                 0.0  539.89181456876872 0.69183205078137011  2.8076548653795874   65.21738411156575  352.73289344659588   195.9183786050159   221.4502409606074  310.86361264626737  297.47256617246205 
 17  24.699859479361848 0.32906825771336606                 0.0  308.81115029356857 0.39863264616581406  161.91127930625254  132.24502239422173  170.29174287244419  200.37610453137623  157.03559567469549  221.11748229524977   21.51850736241904 
 17  24.982168595010023 0.26017444579044302                 0.0  390.25635059743536 0.41530158003834516  72.476677878300038  94.976939461565919  242.48212767852772  220.80030597525342  281.36238436055709  336.06823657470773  126.86610027085209 
 17  27.034507994133129 0.28458164172377826                 0.0  1029.9294355763777 0.71306421810073495  132.42142710081933  82.248718848421049  104.71728691239389  8.1362912321883094  152.10052472412048  97.522465258429861  341.10025320261838 
 17  27.486553777129441 0.13957688712867575                 0.0  312.86004278070396 0.021104603624752333  52.036971359352563   344.0113768072415  343.28514226829458   246.0485429202719  129.96464707283846  58.250143685027147  10.041781122065224 
 17  27.400120729383385 0.01415195536481448                 0.0  237.03194112333207 0.02367540607180349  138.66826498237683  86.638577371345804  327.03086176530621  216.00729851675254  51.284565002962374  67.994829738717414  195.54825894254296 
 17  27.878426816726964 0.025321379847079099                 0.0  342.15625043787765   0.401557975655081  61.719342160495053  245.86339091556351  141.02657355525184  52.388615416664585  265.48628805511527  159.20923562437306  66.913626522182412 
 17  26.514407917459732 0.38929911856829291                 0.0  464.53569731329679 0.52050359071774266  167.63744753883802  313.50598295003522  294.39446775162759  145.42358909783346  136.08083202484042  48.576297400436324  72.781864225964782 
 17  27.221113388260004 0.48707194657623792                 0.0  597.30483626582009 0.71938597876016541  179.85579677734967  6.5951090249115785  38.769425128744473  50.933262177788819  183.80223560622841  280.90261727496022  331.70671115450693 
 17  25.233694600479033 0.51941277412450926                 0.0  71.223554795775641   0.131101676390149  92.585810942166248   177.8056827592537  241.56833369085993  253.43672941954335  343.99390498418245  158.23389455393129  316.29298507533025 
 17  24.750284785521824 0.27258044829587841                 0.0  395.04040036318173 0.39660665310852516  42.833019102013466  118.82844679851748  275.56686490621024  169.84199108225178  56.188326012617893  237.14994990769912   199.3775896136502 
